20
117
5
3
0 0.448
0 0.829
0 0.760
1 0.399
1 0.803
1 0.410
2 0.665
2 0.413
2 0.774
2 0.957
2 0.562
2 0.507
2 0.996
2 0.716
2 0.316
3 0.330
3 0.983
3 0.451
3 0.562
3 0.515
3 0.456
4 0.414
4 0.953
4 0.694
4 0.370
4 0.687
4 0.963
4 0.590
4 0.539
5 0.822
5 0.621
5 0.524
5 1.000
5 0.554
5 0.826
6 0.657
6 0.425
6 0.581
6 0.673
7 0.571
7 0.938
7 0.767
7 0.836
7 0.661
7 0.782
7 0.648
7 0.619
7 0.841
8 0.421
8 0.343
8 0.340
8 0.347
8 0.965
8 0.827
8 0.655
9 0.533
9 0.326
9 0.335
9 0.893
9 0.472
9 0.593
9 0.556
9 0.950
10 0.729
10 0.767
10 0.663
10 0.979
10 0.354
11 0.786
11 0.493
11 0.800
11 0.319
11 0.598
11 0.507
11 0.338
11 0.520
12 0.981
12 0.514
12 0.352
13 0.402
13 0.967
13 0.830
13 0.988
13 0.611
14 0.345
14 0.627
14 0.308
14 0.347
15 0.857
15 0.836
15 0.644
15 0.418
15 0.959
16 0.331
16 0.794
16 0.963
16 0.640
16 0.635
17 0.595
17 0.484
17 0.636
17 0.997
17 0.852
17 0.928
17 0.906
18 0.954
18 0.386
18 0.768
18 0.407
18 0.649
18 0.595
18 0.869
18 0.587
18 0.624
19 0.956
19 0.349
19 0.351

20.747 33.025 18.835 28.965 28.835 
38.396 61.118 34.857 53.603 53.363 
35.181 56.001 31.939 49.115 48.895 
22.809 33.184 20.484 29.898 27.936 
45.965 66.873 41.279 60.251 56.297 
23.458 34.128 21.066 30.749 28.731 
34.780 26.211 45.863 28.351 9.456 
21.589 16.270 28.469 17.598 5.870 
40.511 30.530 53.420 33.022 11.014 
50.061 37.727 66.014 40.807 13.611 
29.418 22.170 38.793 23.980 7.998 
26.515 19.982 34.965 21.614 7.209 
52.106 39.268 68.710 42.474 14.167 
37.487 28.251 49.432 30.557 10.192 
16.517 12.447 21.780 13.463 4.491 
6.111 18.433 6.682 14.128 20.510 
18.194 54.882 19.893 42.064 61.064 
8.339 25.155 9.118 19.280 27.989 
10.397 31.364 11.369 24.039 34.897 
9.535 28.764 10.426 22.046 32.004 
8.447 25.481 9.236 19.530 28.352 
21.934 32.064 20.427 28.785 26.663 
50.517 73.846 47.045 66.295 61.408 
36.808 53.806 34.278 48.305 44.744 
19.596 28.646 18.249 25.717 23.821 
36.411 53.226 33.909 47.784 44.261 
51.058 74.636 47.548 67.004 62.065 
31.295 45.746 29.144 41.069 38.041 
28.565 41.757 26.602 37.487 34.724 
47.013 68.397 42.220 61.625 57.580 
35.507 51.657 31.886 46.542 43.487 
29.970 43.601 26.914 39.284 36.706 
57.204 83.223 51.371 74.982 70.061 
31.697 46.114 28.465 41.548 38.821 
47.255 68.749 42.437 61.941 57.876 
19.178 24.635 29.703 20.310 23.792 
12.401 15.930 19.206 13.133 15.384 
16.949 21.772 26.251 17.950 21.027 
19.646 25.237 30.427 20.806 24.373 
36.194 36.614 41.310 36.532 20.474 
59.416 60.105 67.814 59.971 33.609 
48.614 49.179 55.486 49.069 27.499 
52.955 53.570 60.440 53.450 29.955 
41.876 42.362 47.795 42.267 23.687 
49.580 50.155 56.588 50.043 28.045 
41.070 41.547 46.875 41.454 23.232 
39.240 39.695 44.786 39.606 22.196 
53.276 53.894 60.806 53.774 30.136 
19.261 10.881 27.697 12.730 7.271 
15.698 8.869 22.574 10.376 5.926 
15.544 8.782 22.353 10.274 5.868 
15.859 8.960 22.806 10.482 5.987 
44.128 24.930 63.458 29.167 16.659 
37.798 21.354 54.354 24.983 14.270 
29.966 16.929 43.092 19.806 11.313 
28.547 44.381 24.162 39.318 39.157 
17.458 27.142 14.776 24.046 23.947 
17.941 27.892 15.185 24.710 24.608 
47.801 74.314 40.458 65.836 65.566 
25.291 39.319 21.406 34.834 34.690 
31.752 49.363 26.874 43.732 43.552 
29.792 46.316 25.215 41.032 40.863 
50.876 79.094 43.060 70.071 69.783 
33.361 8.600 49.924 15.802 19.422 
35.106 9.050 52.535 16.628 20.438 
30.363 7.827 45.438 14.382 17.677 
44.810 11.551 67.057 21.225 26.087 
16.191 4.174 24.230 7.669 9.426 
34.499 10.667 52.151 16.697 20.343 
21.621 6.685 32.684 10.464 12.750 
35.086 10.849 53.038 16.981 20.689 
13.983 4.324 21.137 6.767 8.245 
26.236 8.112 39.660 12.698 15.471 
22.237 6.876 33.615 10.762 13.113 
14.840 4.588 22.432 7.182 8.751 
22.805 7.051 34.473 11.037 13.448 
52.030 76.057 48.454 68.280 63.247 
27.231 39.806 25.359 35.735 33.101 
18.685 27.313 17.400 24.520 22.713 
25.834 22.754 30.903 23.812 9.819 
62.190 54.777 74.393 57.323 23.638 
53.396 47.031 63.872 49.217 20.295 
63.533 55.960 75.999 58.561 24.148 
39.302 34.617 47.013 36.226 14.938 
8.906 6.648 17.048 2.444 14.790 
16.209 12.098 31.027 4.448 26.917 
7.950 5.934 15.217 2.181 13.201 
8.976 6.699 17.181 2.463 14.905 
49.045 71.353 44.044 64.288 60.069 
47.816 69.565 42.940 62.676 58.563 
36.819 53.566 33.065 48.262 45.094 
23.885 34.749 21.450 31.308 29.254 
54.861 79.815 49.267 71.911 67.192 
14.388 23.816 12.954 20.673 21.224 
34.534 57.164 31.093 49.620 50.944 
41.843 69.263 37.673 60.121 61.726 
27.821 46.052 25.048 39.973 41.041 
27.588 45.665 24.838 39.638 40.697 
34.052 49.540 30.580 44.635 41.705 
27.706 40.308 24.881 36.316 33.933 
36.386 52.937 32.676 47.695 44.565 
57.033 82.974 51.218 74.758 69.852 
48.762 70.942 43.790 63.917 59.722 
53.082 77.226 47.669 69.579 65.012 
51.856 75.443 46.569 67.973 63.512 
51.091 79.428 43.242 70.367 70.078 
20.684 32.157 17.507 28.489 28.372 
41.145 63.966 34.824 56.670 56.436 
21.778 33.857 18.432 29.995 29.871 
34.741 54.010 29.404 47.848 47.652 
31.854 49.523 26.961 43.873 43.693 
46.515 72.315 39.370 64.066 63.802 
31.440 48.878 26.610 43.302 43.124 
33.421 51.958 28.287 46.031 45.842 
50.040 37.712 65.987 40.790 13.605 
18.249 13.753 24.064 14.876 4.962 
18.365 13.840 24.217 14.970 4.993 

4361.5 4026.0 3355.0 
3842.8 3547.2 2956.0 
4050.8 3739.2 3116.0 
4096.3 3781.2 3151.0 
3471.0 3204.0 2670.0 

67.2
58.8
30.0
