20
113
5
3
0 0.944
0 0.815
0 0.352
0 0.871
0 0.329
0 0.309
0 0.490
0 0.362
0 0.372
1 0.842
1 0.644
1 0.812
1 0.341
2 0.729
2 0.401
2 0.698
3 0.977
3 0.589
3 0.747
4 0.772
4 0.597
4 0.352
4 0.329
4 0.792
5 0.721
5 0.636
5 0.636
5 0.388
5 0.711
6 0.728
6 0.949
6 0.406
6 0.693
6 0.313
6 0.320
6 0.843
7 0.547
7 0.623
7 0.680
7 0.471
7 0.664
7 0.354
7 0.905
8 0.825
8 0.477
8 0.800
8 0.411
8 0.377
8 0.549
8 0.854
9 0.548
9 0.690
9 0.411
9 0.330
9 0.307
9 0.312
9 0.407
10 0.530
10 0.324
10 0.506
10 0.811
10 0.623
10 0.803
10 0.997
10 0.620
10 0.428
11 0.339
11 0.302
11 0.751
11 0.551
11 0.573
11 0.903
11 0.823
12 0.545
12 0.959
12 0.539
12 0.348
12 0.338
12 0.478
12 0.433
12 0.779
12 0.829
13 0.383
13 0.584
13 0.498
13 0.707
13 0.672
13 0.327
13 0.656
14 0.363
14 0.975
14 0.316
14 0.918
15 0.348
15 0.633
15 0.489
15 1.000
15 0.391
16 0.632
16 0.950
16 0.369
17 0.413
17 0.864
17 0.593
17 0.318
18 0.882
18 0.330
18 0.929
18 0.901
18 0.328
19 0.554
19 0.333
19 0.711

153.137 126.870 83.044 66.961 158.916 
132.151 109.484 71.663 57.785 137.138 
57.166 47.361 31.000 24.997 59.323 
141.301 117.064 76.625 61.786 146.633 
53.382 44.226 28.948 23.342 55.397 
50.128 41.530 27.184 21.919 52.019 
79.394 65.776 43.054 34.716 82.390 
58.714 48.643 31.840 25.673 60.929 
60.292 49.950 32.695 26.363 62.567 
12.871 132.547 134.415 116.270 27.813 
9.847 101.411 102.839 88.957 21.279 
12.414 127.846 129.647 112.147 26.826 
5.210 53.655 54.411 47.066 11.258 
54.202 60.513 67.296 105.171 49.166 
29.821 33.294 37.025 57.864 27.051 
51.935 57.982 64.481 100.772 47.109 
14.938 153.842 156.009 134.950 32.281 
9.003 92.714 94.020 81.328 19.454 
11.417 117.581 119.238 103.142 24.672 
113.878 44.967 14.321 104.952 111.565 
88.062 34.773 11.075 81.160 86.274 
51.872 20.483 6.523 47.807 50.819 
48.592 19.188 6.111 44.784 47.605 
116.783 46.114 14.687 107.630 114.411 
112.771 5.086 32.406 132.661 106.093 
99.576 4.490 28.614 117.139 93.680 
99.460 4.485 28.580 117.001 93.570 
60.663 2.736 17.432 71.362 57.071 
111.234 5.016 31.964 130.853 104.647 
28.060 101.412 98.752 85.198 35.811 
36.573 132.180 128.712 111.046 46.676 
15.634 56.505 55.023 47.471 19.954 
26.709 96.531 93.999 81.097 34.088 
12.077 43.650 42.505 36.671 15.414 
12.324 44.540 43.372 37.419 15.728 
32.489 117.420 114.339 98.646 41.464 
58.202 39.574 31.891 66.442 57.110 
66.307 45.085 36.332 75.694 65.062 
72.406 49.233 39.674 82.658 71.048 
50.127 34.084 27.467 57.224 49.186 
70.667 48.050 38.722 80.672 69.341 
37.709 25.640 20.662 43.048 37.001 
96.341 65.507 52.789 109.980 94.533 
121.664 48.041 15.300 112.128 119.193 
70.315 27.765 8.843 64.804 68.887 
118.022 46.603 14.842 108.772 115.625 
60.557 23.912 7.616 55.810 59.327 
55.686 21.989 7.003 51.322 54.555 
81.040 32.000 10.192 74.689 79.395 
126.001 49.754 15.846 116.125 123.442 
21.125 76.347 74.345 64.141 26.960 
26.587 96.089 93.568 80.726 33.932 
15.848 57.275 55.773 48.118 20.226 
12.711 45.941 44.735 38.595 16.223 
11.820 42.720 41.600 35.890 15.086 
12.041 43.516 42.375 36.559 15.367 
15.670 56.635 55.149 47.580 19.999 
74.234 13.077 20.368 87.612 70.121 
45.389 7.996 12.454 53.569 42.874 
70.895 12.489 19.452 83.671 66.967 
113.566 20.006 31.159 134.032 107.273 
87.286 15.376 23.949 103.016 82.449 
112.412 19.803 30.843 132.671 106.184 
139.581 24.589 38.297 164.736 131.847 
86.786 15.288 23.812 102.426 81.977 
59.885 10.549 16.431 70.677 56.567 
13.069 47.234 45.995 39.682 16.680 
11.625 42.015 40.913 35.297 14.837 
28.940 104.593 101.849 87.870 36.935 
21.238 76.757 74.743 64.485 27.105 
22.084 79.815 77.721 67.054 28.185 
34.811 125.813 122.513 105.698 44.428 
31.729 114.674 111.665 96.339 40.494 
38.632 47.711 51.559 76.490 35.465 
67.899 83.857 90.618 134.438 62.332 
38.140 47.103 50.901 75.515 35.012 
24.653 30.447 32.902 48.812 22.632 
23.928 29.551 31.934 47.376 21.966 
33.823 41.772 45.141 66.969 31.050 
30.665 37.872 40.926 60.716 28.151 
55.193 68.164 73.660 109.279 50.667 
58.694 72.489 78.333 116.213 53.882 
56.437 22.285 7.097 52.013 55.291 
86.100 33.998 10.828 79.352 84.352 
73.495 29.021 9.243 67.735 72.003 
104.360 41.209 13.124 96.181 102.241 
99.097 39.131 12.462 91.330 97.085 
48.238 19.048 6.066 44.457 47.258 
96.709 38.187 12.162 89.129 94.745 
14.001 50.601 49.273 42.510 17.868 
37.577 135.809 132.247 114.095 47.958 
12.193 44.066 42.910 37.020 15.561 
35.383 127.880 124.525 107.434 45.158 
23.921 55.922 50.533 29.386 29.143 
43.548 101.806 91.996 53.496 53.054 
33.684 78.746 71.158 41.379 41.037 
68.801 160.843 145.344 84.519 83.821 
26.903 62.893 56.833 33.049 32.776 
62.264 111.526 96.392 36.269 71.985 
93.517 167.507 144.776 54.474 108.118 
36.371 65.147 56.307 21.186 42.049 
64.657 2.916 18.580 76.061 60.828 
135.189 6.096 38.848 159.032 127.183 
92.771 4.184 26.658 109.133 87.277 
49.684 2.241 14.277 58.447 46.742 
21.626 116.857 123.174 127.699 21.037 
8.079 43.658 46.018 47.708 7.859 
22.785 123.122 129.778 134.545 22.164 
22.086 119.345 125.797 130.418 21.485 
8.029 43.386 45.731 47.411 7.810 
8.963 82.386 89.087 91.098 1.760 
5.386 49.510 53.537 54.745 1.058 
11.501 105.713 114.312 116.892 2.258 

4010.5 3702.0 3085.0 
3140.8 2899.2 2416.0 
2782.0 2568.0 2140.0 
3637.4 3357.6 2798.0 
3854.5 3558.0 2965.0 

67.2
58.8
30.0
