50
267
5
3
0 0.436
0 0.915
0 0.349
0 0.644
0 0.357
0 0.694
0 0.676
1 0.372
1 0.750
1 0.592
1 0.317
1 0.798
1 0.508
1 0.303
1 0.750
2 0.691
2 0.375
2 0.622
2 0.354
2 0.415
2 0.803
2 0.978
2 0.659
3 0.319
3 0.628
3 0.930
4 0.763
4 0.632
4 0.561
5 0.885
5 0.358
5 0.319
6 0.706
6 0.558
6 1.000
7 0.711
7 0.636
7 0.311
7 0.520
7 0.646
7 0.738
8 0.872
8 0.315
8 0.555
8 0.739
8 0.400
8 0.793
8 0.348
9 0.352
9 0.369
9 0.687
9 0.896
9 0.838
9 0.502
9 0.582
10 0.501
10 0.824
10 0.489
10 0.661
10 0.578
10 0.764
10 0.889
10 0.420
11 0.580
11 0.759
11 0.571
11 0.685
11 0.350
11 0.901
11 0.403
11 0.974
12 0.902
12 0.849
12 0.593
12 0.468
12 0.363
13 0.429
13 0.389
13 0.881
13 0.899
13 0.368
13 0.913
13 0.304
13 0.444
14 0.506
14 0.973
14 0.821
15 0.767
15 0.542
15 0.573
15 0.717
15 0.444
15 0.846
15 0.331
15 0.352
15 0.538
16 0.724
16 0.967
16 0.305
16 0.334
16 0.470
16 0.302
16 0.570
17 0.970
17 0.327
17 0.808
17 0.684
17 0.420
17 0.971
17 0.761
17 0.636
18 0.391
18 0.838
18 0.746
19 0.785
19 0.753
19 0.361
19 0.648
19 0.713
19 0.348
19 0.381
19 0.565
20 0.610
20 0.872
20 0.743
20 0.658
20 0.510
20 0.346
21 0.578
21 0.432
21 0.456
21 0.362
21 0.794
21 0.331
22 0.397
22 0.787
22 0.459
23 0.924
23 0.929
23 0.935
23 0.360
24 0.634
24 0.879
24 0.830
24 0.912
24 0.604
25 0.402
25 0.645
25 0.482
26 0.873
26 0.897
26 0.449
26 0.480
26 0.550
26 0.850
26 0.391
26 0.335
27 0.829
27 0.568
27 0.454
27 0.943
27 0.931
27 0.468
27 0.541
28 0.477
28 0.558
28 0.412
28 0.394
29 0.544
29 0.658
29 0.547
29 0.412
29 0.382
29 0.790
30 0.637
30 0.717
30 0.699
30 0.671
30 0.409
30 0.576
31 0.324
31 0.821
31 0.460
31 0.422
31 0.549
32 0.321
32 0.883
32 0.464
32 0.524
33 0.896
33 0.640
33 0.929
34 0.918
34 0.683
34 0.436
34 0.956
34 0.484
34 0.809
35 0.633
35 0.870
35 0.818
36 0.762
36 0.492
36 0.995
36 0.338
37 0.325
37 0.664
37 0.320
38 0.577
38 0.430
38 0.327
38 0.364
39 0.780
39 0.662
39 0.807
39 0.765
40 0.439
40 0.590
40 0.778
41 0.993
41 0.997
41 0.873
41 0.325
41 0.979
41 0.314
41 0.514
41 0.348
42 0.340
42 0.422
42 0.688
42 0.526
42 0.411
42 0.545
42 0.360
43 0.713
43 0.547
43 0.314
43 0.925
44 0.936
44 0.717
44 0.468
45 0.342
45 0.363
45 0.532
46 0.349
46 0.731
46 0.318
46 0.775
46 0.932
46 0.312
47 0.314
47 0.682
47 0.930
47 0.436
47 0.661
47 0.359
47 0.526
48 0.520
48 0.717
48 0.325
48 0.504
48 0.347
48 0.326
48 0.602
49 0.720
49 0.952
49 0.655

26.380 17.334 27.357 25.286 17.334 
55.309 36.343 57.357 53.015 36.343 
21.118 13.877 21.900 20.243 13.877 
38.932 25.582 40.373 37.317 25.582 
21.609 14.199 22.410 20.713 14.199 
41.926 27.550 43.479 40.187 27.550 
40.874 26.858 42.388 39.179 26.858 
29.775 15.027 30.084 26.316 15.027 
59.996 30.280 60.620 53.026 30.280 
47.416 23.931 47.909 41.907 23.931 
25.405 12.822 25.669 22.453 12.822 
63.899 32.250 64.563 56.476 32.250 
40.644 20.513 41.067 35.922 20.513 
24.238 12.233 24.490 21.422 12.233 
60.054 30.309 60.678 53.077 30.309 
3.985 46.665 10.235 45.863 46.665 
2.162 25.321 5.553 24.885 25.321 
3.589 42.021 9.216 41.298 42.021 
2.043 23.927 5.248 23.516 23.927 
2.397 28.065 6.155 27.582 28.065 
4.635 54.275 11.904 53.341 54.275 
5.642 66.068 14.490 64.932 66.068 
3.802 44.520 9.764 43.754 44.520 
9.150 14.327 6.986 23.491 14.327 
18.009 28.200 13.751 46.237 28.200 
26.671 41.763 20.364 68.474 41.763 
51.971 23.495 51.620 52.990 23.495 
43.055 19.464 42.764 43.899 19.464 
38.221 17.279 37.963 38.971 17.279 
53.522 35.169 55.503 51.302 35.169 
21.622 14.208 22.423 20.725 14.208 
19.297 12.680 20.012 18.497 12.680 
36.539 63.528 47.423 10.359 63.528 
28.882 50.216 37.485 8.188 50.216 
51.723 89.929 67.130 14.664 89.929 
6.848 52.745 18.681 40.125 52.745 
6.129 47.204 16.718 35.909 47.204 
2.995 23.067 8.170 17.548 23.067 
5.008 38.573 13.662 29.344 38.573 
6.226 47.953 16.984 36.480 47.953 
7.108 54.743 19.388 41.645 54.743 
54.097 88.252 68.121 9.707 88.252 
19.510 31.828 24.568 3.501 31.828 
34.386 56.096 43.300 6.170 56.096 
45.808 74.729 57.682 8.220 74.729 
24.790 40.441 31.216 4.448 40.441 
49.185 80.238 61.935 8.826 80.238 
21.588 35.218 27.184 3.874 35.218 
17.856 8.025 14.957 29.416 8.025 
18.720 8.413 15.680 30.839 8.413 
34.874 15.673 29.211 57.449 15.673 
45.492 20.445 38.104 74.940 20.445 
42.566 19.130 35.654 70.121 19.130 
25.512 11.466 21.369 42.027 11.466 
29.555 13.283 24.756 48.687 13.283 
25.430 11.429 21.301 41.892 11.429 
41.854 18.810 35.058 68.948 18.810 
24.838 11.163 20.805 40.916 11.163 
33.549 15.078 28.101 55.267 15.078 
29.376 13.202 24.606 48.392 13.202 
38.783 17.430 32.485 63.888 17.430 
45.140 20.287 37.810 74.360 20.287 
21.353 9.597 17.886 35.176 9.597 
25.580 54.207 35.311 15.280 54.207 
33.451 70.885 46.175 19.981 70.885 
25.183 53.365 34.763 15.043 53.365 
30.205 64.006 41.694 18.042 64.006 
15.436 32.709 21.307 9.220 32.709 
39.699 84.126 54.800 23.714 84.126 
17.784 37.685 24.549 10.623 37.685 
42.920 90.950 59.246 25.638 90.950 
36.454 75.068 50.361 23.152 75.068 
34.330 70.692 47.425 21.802 70.692 
23.987 49.394 33.137 15.234 49.394 
18.921 38.963 26.139 12.017 38.963 
14.670 30.208 20.266 9.317 30.208 
18.899 40.048 26.088 11.289 40.048 
17.127 36.293 23.641 10.230 36.293 
38.851 82.328 53.629 23.207 82.328 
39.643 84.006 54.722 23.680 84.006 
16.237 34.407 22.413 9.699 34.407 
40.249 85.290 55.558 24.042 85.290 
13.405 28.407 18.504 8.007 28.407 
19.567 41.465 27.011 11.688 41.465 
26.198 45.549 34.002 7.427 45.549 
50.354 87.548 65.353 14.276 87.548 
42.457 73.818 55.104 12.037 73.818 
40.743 15.486 34.993 63.612 15.486 
28.802 10.947 24.737 44.970 10.947 
30.450 11.574 26.152 47.542 11.574 
38.117 14.488 32.738 59.513 14.488 
23.601 8.970 20.270 36.848 8.970 
44.929 17.077 38.588 70.148 17.077 
17.603 6.691 15.119 27.484 6.691 
18.704 7.109 16.064 29.203 7.109 
28.567 10.858 24.535 44.602 10.858 
57.983 29.264 58.585 51.247 29.264 
77.405 39.067 78.210 68.413 39.067 
24.378 12.303 24.631 21.546 12.303 
26.714 13.483 26.992 23.610 13.483 
37.628 18.991 38.019 33.257 18.991 
24.191 12.209 24.442 21.380 12.209 
45.617 23.023 46.092 40.318 23.023 
44.985 29.105 42.116 67.355 29.105 
15.168 9.814 14.201 22.711 9.814 
37.512 24.270 35.120 56.167 24.270 
31.722 20.524 29.699 47.497 20.524 
19.508 12.621 18.263 29.209 12.621 
45.042 29.142 42.169 67.441 29.142 
35.291 22.833 33.040 52.840 22.833 
29.507 19.091 27.625 44.181 19.091 
9.318 31.194 15.778 16.728 31.194 
19.965 66.836 33.805 35.841 66.836 
17.759 59.450 30.070 31.880 59.450 
22.521 35.265 17.196 57.820 35.265 
21.610 33.838 16.500 55.481 33.838 
10.360 16.223 7.910 26.598 16.223 
18.605 29.132 14.205 47.765 29.132 
20.459 32.036 15.621 52.526 32.036 
9.985 15.635 7.624 25.636 15.635 
10.930 17.115 8.345 28.061 17.115 
16.206 25.377 12.374 41.608 25.377 
37.812 61.685 47.614 6.785 61.685 
54.043 88.165 68.053 9.697 88.165 
46.045 75.116 57.981 8.262 75.116 
40.806 66.569 51.384 7.322 66.569 
31.602 51.554 39.794 5.671 51.554 
21.449 34.991 27.009 3.849 34.991 
39.323 17.777 39.058 40.095 17.777 
29.403 13.293 29.205 29.980 13.293 
31.066 14.044 30.857 31.676 14.044 
24.676 11.155 24.509 25.160 11.155 
54.041 24.431 53.676 55.101 24.431 
22.528 10.184 22.376 22.970 10.184 
18.428 11.923 17.253 27.592 11.923 
36.522 23.629 34.192 54.684 23.629 
21.289 13.774 19.931 31.875 13.774 
38.027 42.578 41.679 48.236 42.578 
38.199 42.771 41.867 48.454 42.771 
38.450 43.051 42.142 48.772 43.051 
14.807 16.579 16.229 18.783 16.579 
3.658 42.827 9.393 42.090 42.827 
5.075 59.419 13.032 58.397 59.419 
4.791 56.104 12.305 55.138 56.104 
5.264 61.630 13.517 60.570 61.630 
3.487 40.825 8.954 40.123 40.825 
31.336 32.368 35.461 12.396 32.368 
50.266 51.920 56.883 19.884 51.920 
37.574 38.811 42.520 14.864 38.811 
65.056 60.621 72.306 33.628 60.621 
66.868 62.310 74.321 34.565 62.310 
33.478 31.196 37.209 17.305 31.196 
35.809 33.367 39.799 18.510 33.367 
41.013 38.217 45.584 21.200 38.217 
63.374 59.054 70.437 32.758 59.054 
29.176 27.187 32.428 15.081 27.187 
24.979 23.276 27.763 12.912 23.276 
61.318 17.422 58.649 67.366 17.422 
42.023 11.940 40.194 46.168 11.940 
33.576 9.540 32.114 36.888 9.540 
69.770 19.824 66.733 76.652 19.824 
68.888 19.573 65.889 75.683 19.573 
34.620 9.837 33.113 38.035 9.837 
40.022 11.372 38.280 43.970 11.372 
18.734 16.389 16.425 34.398 16.389 
21.907 19.165 19.208 40.224 19.165 
16.181 14.156 14.187 29.711 14.156 
15.455 13.521 13.551 28.378 13.521 
21.350 18.678 18.719 39.201 18.678 
25.831 22.599 22.648 47.430 22.599 
21.498 18.808 18.849 39.474 18.808 
16.183 14.158 14.189 29.714 14.158 
14.989 13.113 13.142 27.522 13.113 
31.039 27.154 27.214 56.992 27.154 
33.139 14.694 30.065 48.273 14.694 
37.292 16.535 33.832 54.322 16.535 
36.337 16.112 32.966 52.932 16.112 
34.885 15.468 31.648 50.816 15.468 
21.254 9.424 19.282 30.960 9.424 
29.947 13.279 27.169 43.623 13.279 
19.615 12.889 20.341 18.801 12.889 
49.628 32.610 51.466 47.570 32.610 
27.795 18.264 28.824 26.642 18.264 
25.511 16.763 26.456 24.453 16.763 
33.199 21.815 34.428 31.822 21.815 
12.613 11.034 11.059 23.159 11.034 
34.692 30.350 30.417 63.700 30.350 
18.238 15.956 15.991 33.488 15.956 
20.564 17.990 18.030 37.758 17.990 
41.552 26.884 38.901 62.215 26.884 
29.685 19.206 27.791 44.447 19.206 
43.125 27.902 40.374 64.570 27.902 
46.597 20.942 39.030 76.761 20.942 
34.687 15.589 29.054 57.141 15.589 
22.156 9.958 18.559 36.499 9.958 
48.531 21.811 40.650 79.947 21.811 
24.577 11.046 20.586 40.487 11.046 
41.096 18.470 34.422 67.698 18.470 
32.932 14.602 29.876 47.971 14.602 
45.266 20.071 41.067 65.938 20.071 
42.540 18.862 38.593 61.967 18.862 
60.969 30.771 61.603 53.886 30.771 
39.346 19.858 39.755 34.775 19.858 
79.626 40.187 80.454 70.375 40.187 
27.018 13.636 27.299 23.880 13.636 
3.133 24.130 8.546 18.357 24.130 
6.399 49.283 17.454 37.491 49.283 
3.084 23.749 8.411 18.067 23.749 
25.452 53.934 35.133 15.203 53.934 
18.972 40.203 26.188 11.333 40.203 
14.408 30.532 19.889 8.607 30.532 
16.028 33.965 22.125 9.574 33.965 
30.626 26.793 26.852 56.233 26.793 
25.989 22.736 22.787 47.720 22.736 
31.690 27.724 27.785 58.188 27.724 
30.051 26.290 26.348 55.178 26.290 
27.216 44.400 34.272 4.884 44.400 
36.585 59.684 46.069 6.565 59.684 
48.217 78.659 60.716 8.652 78.659 
21.236 52.668 22.925 62.219 52.668 
21.323 52.884 23.018 62.473 52.884 
18.675 46.317 20.160 54.716 46.317 
6.958 17.258 7.512 20.387 17.258 
20.942 51.938 22.607 61.357 51.938 
6.721 16.670 7.256 19.693 16.670 
10.986 27.248 11.860 32.189 27.248 
7.447 18.470 8.039 21.820 18.470 
9.131 15.992 8.614 22.368 15.992 
11.331 19.845 10.690 27.757 19.845 
18.463 32.336 17.418 45.229 32.336 
14.123 24.736 13.324 34.598 24.736 
11.049 19.351 10.424 27.066 19.351 
14.648 25.654 13.819 35.883 25.654 
9.659 16.916 9.112 23.660 16.916 
15.245 37.810 16.457 44.667 37.810 
11.700 29.019 12.631 34.281 29.019 
6.719 16.665 7.254 19.687 16.665 
19.774 49.042 21.346 57.935 49.042 
51.196 89.266 66.163 13.271 89.266 
39.182 68.317 50.636 10.157 68.317 
25.579 44.599 33.056 6.630 44.599 
1.973 23.100 5.066 22.702 23.100 
2.094 24.520 5.378 24.098 24.520 
3.069 35.938 7.882 35.320 35.938 
18.542 7.047 15.925 28.949 7.047 
38.855 14.768 33.371 60.664 14.768 
16.910 6.427 14.524 26.402 6.427 
41.193 15.657 35.379 64.315 15.657 
49.505 18.816 42.518 77.292 18.816 
16.563 6.295 14.226 25.860 6.295 
3.028 23.321 8.260 17.741 23.321 
6.568 50.583 17.915 38.480 50.583 
8.957 68.989 24.434 52.483 68.989 
4.203 32.369 11.464 24.624 32.369 
6.370 49.065 17.377 37.325 49.065 
3.457 26.623 9.429 20.253 26.623 
5.069 39.044 13.828 29.702 39.044 
20.412 17.857 17.896 37.479 17.857 
28.170 24.644 24.699 51.724 24.644 
12.762 11.165 11.190 23.433 11.165 
19.778 17.303 17.341 36.316 17.303 
13.634 11.927 11.954 25.033 11.927 
12.804 11.202 11.227 23.511 11.202 
23.636 20.678 20.724 43.399 20.678 
52.682 23.373 52.418 51.417 23.373 
69.670 30.910 69.321 67.998 30.910 
47.964 21.279 47.723 46.812 21.279 

3279.9 3027.6 2523.0 
3008.2 2776.8 2314.0 
3039.4 2805.6 2338.0 
4134.0 3816.0 3180.0 
3008.2 2776.8 2314.0 

67.2
58.8
30.0
