80
511
5
3
0 0.879
0 0.544
0 0.634
0 0.912
0 0.838
1 0.351
1 0.900
1 0.698
1 0.596
1 0.743
1 0.378
1 0.527
1 0.854
2 0.469
2 0.877
2 0.329
2 0.755
2 0.331
2 0.944
3 0.996
3 0.429
3 0.681
3 0.428
3 0.903
3 0.864
3 0.957
3 0.950
3 0.681
4 0.836
4 0.723
4 0.314
4 0.703
4 0.589
4 0.321
4 0.591
5 0.356
5 0.543
5 0.998
5 0.342
5 0.756
5 0.535
6 0.971
6 0.729
6 0.683
6 0.333
7 0.430
7 0.434
7 0.313
7 0.381
8 0.893
8 0.714
8 0.352
8 0.388
8 0.534
8 0.765
8 0.328
8 0.335
9 0.966
9 0.462
9 0.569
10 0.752
10 0.706
10 0.382
10 0.730
10 0.317
10 0.694
10 0.956
10 0.720
10 0.523
11 0.861
11 0.822
11 0.832
11 0.523
11 0.650
11 0.307
12 0.609
12 0.305
12 0.607
12 0.750
12 0.668
13 0.946
13 0.659
13 0.691
13 0.453
13 0.700
13 0.610
14 0.720
14 0.979
14 0.643
15 0.783
15 0.566
15 0.668
15 0.313
15 0.859
15 0.868
15 0.612
16 0.403
16 0.496
16 0.333
16 0.971
16 0.556
16 0.309
16 0.461
16 0.932
17 0.615
17 0.361
17 0.893
17 0.349
17 0.414
17 0.518
17 0.646
17 0.663
17 0.759
18 0.368
18 0.531
18 0.834
18 0.641
18 0.882
19 0.439
19 0.314
19 0.777
20 0.335
20 0.548
20 0.643
20 0.704
20 0.432
20 0.601
20 0.571
20 0.941
20 0.357
21 0.428
21 0.877
21 0.647
21 0.545
21 0.515
21 0.970
21 0.823
21 0.998
22 0.370
22 0.379
22 0.820
22 0.623
22 0.569
22 0.951
22 0.856
22 0.892
23 0.951
23 0.696
23 0.312
23 0.333
23 0.347
23 0.857
23 0.843
23 0.748
24 0.526
24 0.549
24 0.611
24 0.586
24 0.423
24 0.492
24 0.743
24 0.648
24 0.893
25 0.556
25 0.831
25 0.962
25 0.468
25 0.433
25 0.991
26 0.301
26 0.943
26 0.424
26 0.374
27 0.924
27 0.626
27 0.316
27 0.349
27 0.797
27 0.817
27 0.335
27 0.572
27 0.979
28 0.648
28 0.306
28 0.981
28 0.708
28 0.673
28 0.314
28 0.536
28 0.781
28 0.349
29 0.693
29 0.458
29 0.541
29 0.678
29 0.877
29 0.423
29 0.417
29 0.854
30 0.476
30 0.311
30 0.912
30 0.686
30 0.497
30 0.855
30 0.820
31 0.472
31 0.316
31 0.788
31 0.302
31 0.855
31 0.861
31 0.924
31 0.716
32 0.461
32 0.381
32 0.705
32 0.655
32 0.335
32 0.548
32 0.985
32 0.322
33 0.335
33 0.888
33 0.536
33 0.697
33 0.317
34 0.630
34 0.753
34 0.752
34 0.542
34 0.348
34 0.353
34 0.340
34 0.738
35 0.730
35 0.947
35 0.351
35 0.426
35 0.415
36 0.320
36 0.426
36 0.894
37 0.860
37 0.862
37 0.605
37 0.753
37 0.580
37 0.874
37 0.807
37 0.817
37 0.349
38 0.847
38 0.956
38 0.674
39 0.764
39 0.403
39 0.834
39 0.682
39 0.537
39 0.796
39 0.742
39 0.833
39 0.985
40 0.783
40 0.309
40 0.970
40 0.910
40 0.608
41 0.516
41 0.776
41 0.543
41 0.678
41 0.656
41 0.824
41 0.468
42 0.440
42 0.468
42 0.597
42 0.630
42 0.359
43 0.537
43 0.801
43 0.669
43 0.604
43 0.301
43 0.314
44 0.343
44 0.408
44 0.577
44 0.356
44 0.558
44 0.924
45 0.487
45 0.969
45 0.415
46 0.672
46 0.987
46 0.751
46 0.359
46 0.610
46 0.394
47 0.416
47 0.638
47 0.714
47 0.604
47 0.826
47 0.881
47 0.794
47 0.597
48 0.533
48 0.589
48 0.669
48 0.307
48 0.348
48 0.852
48 0.424
49 0.654
49 0.567
49 0.858
49 0.504
49 0.866
49 0.467
49 0.410
49 0.786
49 0.912
50 0.881
50 0.378
50 0.773
50 0.327
50 0.512
51 0.981
51 0.709
51 0.802
51 0.602
51 0.745
52 0.535
52 0.670
52 0.923
53 0.536
53 0.475
53 0.393
53 0.462
53 0.327
53 0.498
54 0.869
54 0.597
54 0.339
54 0.305
55 0.814
55 0.710
55 0.524
55 0.722
55 0.323
55 0.655
56 0.873
56 0.375
56 0.874
56 0.788
56 0.399
56 0.784
56 0.603
56 0.438
57 0.342
57 0.584
57 0.612
58 0.719
58 0.847
58 0.313
58 0.518
58 0.470
59 0.558
59 0.337
59 0.846
59 0.482
59 0.944
59 0.700
59 0.624
60 0.826
60 0.338
60 0.431
61 0.493
61 0.782
61 0.711
61 0.413
61 0.642
61 0.515
61 0.836
61 0.924
61 0.629
62 0.319
62 0.352
62 0.406
62 0.347
62 0.436
62 0.904
63 0.545
63 0.374
63 0.536
63 0.501
63 0.670
63 0.709
63 0.946
63 0.455
63 0.852
64 0.551
64 0.581
64 0.396
64 0.579
64 0.454
64 0.494
65 0.302
65 0.594
65 0.865
65 0.350
65 0.411
65 0.345
65 0.581
65 0.345
66 0.622
66 0.846
66 0.688
66 0.363
66 0.341
66 0.973
66 0.470
67 0.372
67 0.779
67 0.917
68 0.938
68 0.454
68 0.805
68 0.607
69 0.582
69 0.302
69 0.578
70 0.831
70 0.861
70 0.343
70 0.697
70 0.750
70 0.490
70 0.415
70 0.922
71 0.404
71 0.487
71 0.344
71 0.684
71 0.397
71 0.338
71 0.595
71 0.351
71 0.631
72 0.854
72 0.555
72 0.660
72 0.688
72 0.708
72 0.379
72 0.902
72 0.332
72 0.600
73 0.756
73 0.996
73 0.373
73 0.877
73 0.937
73 0.939
73 0.598
73 0.858
74 0.922
74 0.336
74 0.464
74 0.803
74 0.541
75 0.700
75 0.378
75 0.893
75 0.328
75 0.319
75 0.303
75 0.800
75 0.628
75 0.321
76 0.947
76 0.721
76 0.555
76 0.360
76 0.862
76 0.348
77 0.576
77 0.800
77 0.651
77 0.893
77 0.888
77 0.340
77 0.773
77 0.722
78 0.400
78 0.306
78 0.344
78 0.517
78 0.491
78 0.762
78 0.647
79 0.960
79 0.450
79 0.811
79 0.441
79 0.517
79 0.468

47.176 54.881 36.422 26.264 14.382 
29.167 33.931 22.518 16.238 8.892 
34.000 39.553 26.249 18.928 10.365 
48.903 56.891 37.755 27.225 14.909 
44.939 52.279 34.695 25.018 13.700 
10.716 22.281 21.961 16.894 18.027 
27.454 57.084 56.264 43.284 46.185 
21.276 44.237 43.602 33.543 35.791 
18.165 37.770 37.228 28.639 30.559 
22.657 47.109 46.432 35.720 38.115 
11.533 23.979 23.635 18.182 19.401 
16.073 33.419 32.939 25.340 27.038 
26.045 54.155 53.377 41.063 43.815 
34.241 29.613 17.886 22.050 15.291 
63.970 55.324 33.416 41.194 28.566 
23.993 20.750 12.533 15.450 10.714 
55.080 47.635 28.772 35.469 24.596 
24.115 20.856 12.597 15.529 10.769 
68.854 59.548 35.967 44.339 30.747 
51.455 37.772 32.318 49.599 43.950 
22.151 16.260 13.912 21.352 18.920 
35.161 25.811 22.084 33.893 30.033 
22.097 16.221 13.878 21.300 18.874 
46.607 34.213 29.272 44.926 39.809 
44.640 32.769 28.037 43.030 38.129 
49.431 36.286 31.046 47.648 42.221 
49.080 36.029 30.826 47.310 41.922 
35.192 25.833 22.103 33.922 30.059 
44.426 40.679 47.309 56.066 55.721 
38.466 35.222 40.962 48.544 48.245 
16.713 15.304 17.798 21.092 20.962 
37.374 34.222 39.799 47.166 46.876 
31.326 28.684 33.359 39.533 39.290 
17.042 15.605 18.148 21.507 21.375 
31.400 28.752 33.438 39.627 39.383 
18.164 13.632 11.843 17.704 15.781 
27.711 20.797 18.067 27.009 24.075 
50.972 38.255 33.234 49.681 44.284 
17.453 13.098 11.379 17.011 15.163 
38.636 28.996 25.190 37.657 33.566 
27.308 20.495 17.805 26.616 23.725 
69.116 36.689 13.820 53.809 42.018 
51.858 27.528 10.369 40.373 31.526 
48.573 25.784 9.712 37.816 29.529 
23.697 12.579 4.738 18.449 14.406 
19.299 23.161 16.460 13.566 10.116 
19.468 23.365 16.604 13.685 10.205 
14.066 16.881 11.997 9.888 7.373 
17.116 20.542 14.598 12.032 8.972 
20.464 60.245 52.038 24.652 27.706 
16.364 48.176 41.614 19.714 22.156 
8.061 23.731 20.498 9.711 10.914 
8.887 26.164 22.600 10.706 12.033 
12.241 36.035 31.127 14.746 16.572 
17.526 51.595 44.567 21.112 23.728 
7.505 22.096 19.086 9.042 10.162 
7.670 22.579 19.503 9.239 10.384 
22.131 65.152 56.277 26.660 29.963 
10.594 31.189 26.941 12.763 14.344 
13.027 38.352 33.128 15.694 17.638 
38.394 28.815 25.033 37.421 33.356 
36.039 27.047 23.497 35.126 31.310 
19.505 14.639 12.717 19.011 16.946 
37.289 27.986 24.312 36.344 32.396 
16.213 12.168 10.571 15.803 14.086 
35.454 26.608 23.116 34.556 30.802 
48.809 36.631 31.823 47.572 42.405 
36.754 27.584 23.963 35.823 31.932 
26.702 20.040 17.410 26.026 23.199 
15.363 63.993 60.429 34.838 40.423 
14.661 61.070 57.668 33.246 38.577 
14.841 61.819 58.376 33.654 39.050 
9.337 38.891 36.724 21.172 24.566 
11.593 48.290 45.600 26.289 30.504 
5.470 22.785 21.516 12.404 14.393 
15.867 47.815 39.006 6.045 10.734 
7.940 23.926 19.518 3.025 5.371 
15.813 47.652 38.873 6.024 10.698 
19.533 58.862 48.018 7.441 13.215 
17.385 52.389 42.737 6.623 11.761 
48.325 36.268 31.508 47.101 41.984 
33.671 25.270 21.953 32.818 29.253 
35.277 26.476 23.001 34.384 30.649 
23.114 17.347 15.070 22.528 20.081 
35.771 26.846 23.322 34.865 31.077 
31.138 23.369 20.302 30.349 27.053 
52.479 45.386 27.414 33.794 23.435 
71.433 61.778 37.314 45.999 31.899 
46.931 40.588 24.516 30.222 20.958 
17.813 58.034 56.590 36.848 41.664 
12.891 41.999 40.954 26.667 30.152 
15.212 49.559 48.326 31.467 35.580 
7.133 23.239 22.660 14.755 16.684 
19.551 63.694 62.109 40.441 45.728 
19.751 64.348 62.747 40.857 46.197 
13.924 45.365 44.236 28.803 32.568 
21.794 14.959 11.288 19.599 16.706 
26.814 18.405 13.888 24.114 20.554 
18.010 12.362 9.328 16.197 13.806 
52.541 36.063 27.214 47.250 40.275 
30.097 20.658 15.589 27.066 23.071 
16.715 11.473 8.658 15.032 12.813 
24.919 17.104 12.907 22.409 19.102 
50.435 34.618 26.123 45.356 38.661 
46.486 15.569 3.639 39.636 32.939 
27.262 9.131 2.134 23.245 19.317 
67.499 22.607 5.284 57.552 47.829 
26.394 8.840 2.066 22.504 18.702 
31.337 10.496 2.453 26.719 22.205 
39.193 13.127 3.068 33.417 27.772 
48.823 16.352 3.822 41.629 34.596 
50.157 16.799 3.926 42.766 35.541 
57.404 19.226 4.494 48.945 40.676 
19.732 22.955 15.234 10.985 6.016 
28.508 33.164 22.009 15.871 8.691 
44.729 52.035 34.533 24.901 13.636 
34.382 39.997 26.544 19.141 10.482 
47.300 55.025 36.517 26.333 14.420 
9.994 32.560 31.750 20.673 23.376 
7.146 23.282 22.703 14.782 16.715 
17.694 57.647 56.212 36.602 41.386 
23.381 13.603 18.703 27.279 26.489 
38.254 22.255 30.599 44.630 43.338 
44.832 26.082 35.862 52.305 50.791 
49.075 28.550 39.256 57.255 55.598 
30.119 17.523 24.093 35.140 34.123 
41.898 24.375 33.514 48.881 47.466 
39.824 23.169 31.856 46.462 45.117 
65.602 38.166 52.476 76.538 74.322 
24.875 14.472 19.898 29.022 28.182 
36.922 6.006 15.915 37.546 34.548 
75.758 12.324 32.655 77.038 70.887 
55.838 9.083 24.069 56.781 52.247 
47.062 7.656 20.286 47.857 44.036 
44.431 7.228 19.152 45.181 41.574 
83.722 13.619 36.088 85.136 78.338 
71.088 11.564 30.642 72.289 66.517 
86.184 14.020 37.149 87.640 80.642 
11.290 23.475 23.138 17.800 18.993 
11.545 24.005 23.660 18.201 19.421 
25.012 52.007 51.259 39.434 42.077 
19.005 39.516 38.948 29.963 31.971 
17.353 36.081 35.562 27.358 29.192 
28.993 60.283 59.417 45.710 48.773 
26.113 54.295 53.515 41.169 43.929 
27.195 56.546 55.734 42.876 45.749 
37.919 47.627 39.973 37.063 33.953 
27.741 34.842 29.243 27.114 24.839 
12.431 15.614 13.104 12.150 11.131 
13.281 16.680 14.000 12.981 11.891 
13.816 17.354 14.565 13.504 12.371 
34.181 42.931 36.032 33.409 30.605 
33.618 42.224 35.439 32.859 30.101 
29.837 37.475 31.453 29.163 26.716 
42.714 7.811 18.404 43.523 39.964 
44.544 8.146 19.193 45.387 41.676 
49.629 9.076 21.384 50.569 46.434 
47.595 8.704 20.507 48.495 44.530 
34.382 6.287 14.814 35.032 32.168 
39.916 7.299 17.199 40.671 37.346 
60.357 11.037 26.006 61.499 56.470 
52.653 9.629 22.687 53.650 49.263 
72.510 13.260 31.243 73.883 67.841 
29.543 27.052 31.460 37.283 37.054 
44.191 40.465 47.059 55.770 55.426 
51.171 46.856 54.492 64.579 64.181 
24.888 22.789 26.503 31.409 31.215 
23.039 21.096 24.534 29.076 28.897 
52.710 48.265 56.130 66.520 66.110 
16.287 11.179 8.436 14.647 12.485 
51.020 35.019 26.426 45.881 39.109 
22.963 15.762 11.894 20.651 17.602 
20.249 13.899 10.488 18.210 15.522 
16.482 68.654 64.830 37.375 43.367 
11.170 46.527 43.935 25.329 29.390 
5.635 23.473 22.166 12.779 14.827 
6.219 25.904 24.461 14.102 16.363 
14.210 59.192 55.895 32.224 37.390 
14.574 60.706 57.325 33.048 38.347 
5.976 24.893 23.507 13.552 15.724 
10.200 42.487 40.120 23.130 26.838 
17.467 72.756 68.704 39.608 45.958 
52.638 9.626 22.680 53.634 49.249 
24.882 4.550 10.721 25.353 23.280 
79.676 14.570 34.330 81.184 74.545 
57.518 10.518 24.783 58.607 53.815 
54.616 9.988 23.533 55.650 51.099 
25.530 4.669 11.000 26.013 23.886 
43.550 7.964 18.764 44.374 40.745 
63.403 11.595 27.319 64.603 59.321 
28.325 5.180 12.204 28.861 26.501 
56.278 10.291 24.248 57.343 52.654 
37.203 6.803 16.030 37.907 34.807 
43.936 8.035 18.931 44.768 41.107 
55.021 10.062 23.707 56.063 51.479 
71.190 13.019 30.674 72.537 66.606 
34.319 6.276 14.787 34.969 32.109 
33.853 6.191 14.586 34.494 31.673 
69.320 12.677 29.868 70.632 64.856 
25.754 17.677 13.339 23.160 19.741 
16.802 11.533 8.703 15.110 12.880 
49.373 33.889 25.573 44.401 37.847 
37.106 25.469 19.219 33.369 28.444 
26.909 18.470 13.937 24.199 20.627 
46.247 31.743 23.954 41.590 35.451 
44.352 30.443 22.972 39.885 33.998 
14.390 29.920 29.490 22.687 24.207 
9.636 20.036 19.749 15.192 16.211 
24.042 49.990 49.272 37.905 40.445 
9.211 19.152 18.876 14.522 15.495 
26.060 54.186 53.408 41.086 43.840 
26.272 54.627 53.842 41.421 44.197 
28.179 58.592 57.750 44.427 47.405 
21.827 45.384 44.732 34.412 36.719 
35.269 10.005 3.465 30.812 25.992 
29.140 8.266 2.863 25.457 21.475 
53.855 15.278 5.291 47.049 39.689 
50.062 14.202 4.918 43.735 36.894 
25.582 7.257 2.513 22.349 18.853 
41.887 11.883 4.115 36.593 30.869 
75.287 21.358 7.397 65.772 55.484 
24.623 6.985 2.419 21.511 18.146 
7.670 22.580 19.505 9.240 10.385 
20.354 59.922 51.760 24.520 27.558 
12.275 36.136 31.214 14.787 16.619 
15.973 47.024 40.619 19.242 21.626 
7.264 21.386 18.473 8.751 9.835 
15.791 56.903 47.585 5.965 14.933 
18.887 68.061 56.917 7.134 17.862 
18.848 67.918 56.797 7.119 17.824 
13.593 48.982 40.962 5.134 12.855 
8.719 31.418 26.274 3.293 8.245 
8.860 31.926 26.698 3.347 8.379 
8.525 30.721 25.690 3.220 8.062 
18.491 66.635 55.723 6.985 17.487 
59.248 10.835 25.528 60.370 55.433 
76.915 14.066 33.141 78.371 71.963 
28.527 5.217 12.292 29.067 26.690 
34.563 6.321 14.892 35.218 32.338 
33.675 6.158 14.510 34.312 31.507 
14.472 14.045 13.073 15.469 14.455 
19.269 18.701 17.406 20.598 19.247 
40.465 39.271 36.553 43.254 40.418 
19.578 63.784 62.197 40.499 45.792 
19.617 63.909 62.318 40.578 45.882 
13.769 44.858 43.741 28.482 32.205 
17.130 55.807 54.418 35.434 40.066 
13.213 43.046 41.975 27.331 30.904 
19.884 64.781 63.169 41.131 46.508 
18.363 59.824 58.335 37.984 42.949 
18.602 60.604 59.096 38.479 43.509 
7.942 25.874 25.230 16.428 18.576 
52.443 31.532 16.654 42.138 33.385 
59.189 35.588 18.796 47.559 37.680 
41.715 25.081 13.247 33.518 26.556 
19.894 59.948 48.903 7.579 13.458 
10.491 31.615 25.790 3.997 7.098 
21.720 65.451 53.392 8.274 14.694 
17.767 53.539 43.675 6.769 12.020 
13.997 42.181 34.409 5.333 9.470 
20.724 62.451 50.945 7.895 14.020 
19.333 58.260 47.526 7.365 13.079 
21.694 65.374 53.329 8.265 14.676 
25.641 77.269 63.033 9.769 17.347 
60.058 48.144 28.282 40.131 28.862 
23.705 19.002 11.163 15.840 11.392 
74.393 59.635 35.033 49.710 35.751 
69.783 55.940 32.862 46.629 33.535 
46.647 37.394 21.967 31.170 22.417 
44.584 7.253 19.218 45.337 41.717 
66.987 10.897 28.874 68.118 62.679 
46.887 7.627 20.210 47.679 43.872 
58.523 9.520 25.226 59.512 54.760 
56.625 9.211 24.408 57.582 52.984 
71.169 11.577 30.677 72.371 66.592 
40.418 6.575 17.422 41.101 37.819 
23.789 16.328 12.322 21.393 18.235 
25.342 17.394 13.126 22.790 19.426 
32.278 22.155 16.719 29.028 24.743 
34.112 23.414 17.668 30.676 26.148 
19.426 13.334 10.062 17.469 14.891 
43.878 8.540 19.587 44.974 41.428 
65.427 12.734 29.207 67.062 61.775 
54.662 10.639 24.401 56.028 51.611 
49.351 9.605 22.030 50.584 46.596 
24.580 4.784 10.973 25.194 23.208 
25.644 4.991 11.448 26.285 24.212 
21.262 12.784 6.752 17.084 13.536 
25.247 15.180 8.018 20.286 16.072 
35.698 21.463 11.336 28.683 22.725 
22.014 13.236 6.991 17.688 14.014 
34.561 20.780 10.975 27.769 22.001 
57.234 34.412 18.175 45.988 36.435 
25.891 23.708 27.572 32.675 32.474 
51.501 47.158 54.844 64.995 64.595 
22.040 20.182 23.471 27.815 27.644 
49.035 42.407 25.614 31.576 21.897 
71.994 62.264 37.608 46.361 32.150 
54.785 47.381 28.618 35.279 24.465 
26.213 22.671 13.693 16.880 11.706 
44.481 38.469 23.235 28.643 19.863 
28.724 24.841 15.004 18.497 12.827 
22.139 20.272 23.575 27.939 27.767 
33.902 31.044 36.103 42.785 42.522 
37.949 34.749 40.412 47.893 47.598 
32.118 29.410 34.203 40.534 40.284 
43.920 40.216 46.770 55.427 55.086 
46.854 42.903 49.895 59.130 58.766 
42.205 38.646 44.944 53.263 52.935 
31.761 29.083 33.822 40.083 39.836 
12.142 39.556 38.572 25.115 28.398 
13.405 43.671 42.584 27.728 31.352 
15.235 49.635 48.400 31.515 35.634 
6.979 22.737 22.171 14.436 16.323 
7.915 25.788 25.146 16.373 18.514 
19.395 63.186 61.613 40.118 45.363 
9.647 31.430 30.648 19.956 22.565 
40.523 24.365 12.869 32.561 25.797 
35.140 21.128 11.159 28.235 22.370 
53.137 31.949 16.874 42.695 33.827 
31.220 18.771 9.914 25.085 19.875 
53.618 32.238 17.027 43.082 34.133 
28.891 17.371 9.175 23.214 18.392 
25.399 15.271 8.066 20.408 16.169 
48.693 29.276 15.463 39.124 30.997 
56.485 33.961 17.937 45.385 35.958 
47.685 32.731 24.698 42.883 36.553 
20.447 14.035 10.591 18.388 15.674 
41.841 28.719 21.671 37.627 32.073 
17.701 12.150 9.168 15.918 13.569 
27.682 19.000 14.338 24.894 21.219 
74.414 39.536 14.782 57.108 44.465 
53.777 28.572 10.682 41.271 32.134 
60.806 32.306 12.079 46.666 36.334 
45.653 24.255 9.069 35.036 27.279 
56.515 30.026 11.226 43.372 33.770 
21.338 26.800 22.493 20.856 19.106 
26.708 33.545 28.155 26.105 23.914 
36.804 46.226 38.797 35.972 32.954 
16.341 33.977 33.489 25.763 27.489 
14.475 30.097 29.665 22.821 24.351 
11.981 24.911 24.554 18.889 20.155 
14.076 29.267 28.847 22.192 23.679 
9.966 20.723 20.425 15.713 16.766 
15.175 31.552 31.098 23.924 25.527 
21.792 78.529 65.670 8.232 20.608 
14.963 53.921 45.091 5.652 14.151 
8.505 30.647 25.629 3.212 8.043 
7.643 27.540 23.030 2.887 7.227 
14.513 60.455 57.087 32.911 38.188 
12.664 52.753 49.814 28.719 33.323 
9.345 38.927 36.759 21.192 24.589 
12.887 53.679 50.689 29.223 33.908 
5.766 24.019 22.681 13.076 15.172 
11.685 48.675 45.963 26.498 30.747 
63.190 25.956 7.823 52.478 42.791 
27.135 11.146 3.359 22.535 18.375 
63.238 25.976 7.829 52.518 42.823 
57.006 23.416 7.057 47.342 38.603 
28.830 11.842 3.569 23.942 19.523 
56.685 23.284 7.017 47.076 38.386 
43.610 17.913 5.399 36.217 29.531 
31.655 13.003 3.919 26.289 21.436 
6.095 25.387 23.973 13.821 16.037 
10.413 43.376 40.960 23.614 27.400 
10.919 45.483 42.949 24.761 28.730 
62.069 10.097 26.755 63.117 58.077 
73.157 11.901 31.534 74.393 68.453 
27.035 4.398 11.653 27.491 25.296 
44.727 7.276 19.279 45.483 41.851 
40.555 6.597 17.481 41.240 37.947 
45.268 8.278 19.505 46.125 42.353 
27.404 5.011 11.808 27.922 25.639 
68.670 12.558 29.588 69.970 64.248 
39.129 7.156 16.860 39.870 36.610 
76.654 14.018 33.028 78.105 71.718 
56.833 10.393 24.488 57.908 53.173 
50.694 9.270 21.843 51.654 47.430 
42.196 31.668 27.511 41.127 36.659 
17.260 12.954 11.253 16.823 14.995 
21.994 16.506 14.340 21.436 19.108 
25.157 18.880 16.402 24.519 21.856 
39.939 29.974 26.040 38.927 34.698 
36.304 27.246 23.670 35.384 31.540 
21.087 15.826 13.748 20.552 18.320 
32.802 24.618 21.387 31.971 28.498 
26.294 19.734 17.143 25.627 22.844 
42.723 32.064 27.855 41.640 37.117 
47.178 35.407 30.759 45.982 40.987 
32.133 24.116 20.951 31.319 27.917 
12.710 15.964 13.399 12.423 11.381 
14.029 17.620 14.788 13.712 12.561 
16.178 20.319 17.054 15.812 14.486 
13.851 17.397 14.601 13.538 12.402 
17.393 21.846 18.335 17.000 15.574 
36.061 45.293 38.014 35.247 32.289 
47.014 7.648 20.265 47.808 43.990 
32.325 5.258 13.934 32.871 30.246 
46.262 7.526 19.941 47.044 43.287 
43.226 7.032 18.633 43.956 40.446 
57.830 9.407 24.928 58.807 54.111 
61.190 9.954 26.376 62.224 57.256 
81.685 13.288 35.210 83.065 76.432 
39.324 6.397 16.950 39.988 36.795 
73.544 11.964 31.701 74.787 68.815 
29.575 34.406 22.833 16.465 9.016 
31.176 36.268 24.069 17.356 9.504 
21.234 24.703 16.394 11.821 6.474 
31.053 36.125 23.975 17.288 9.467 
24.351 28.328 18.800 13.557 7.424 
26.485 30.811 20.447 14.745 8.074 
24.681 4.804 11.018 25.298 23.304 
48.508 9.441 21.654 49.720 45.800 
70.677 13.756 31.550 72.443 66.731 
28.578 5.562 12.757 29.292 26.983 
33.580 6.536 14.990 34.419 31.705 
28.210 5.491 12.593 28.915 26.635 
47.450 9.235 21.182 48.636 44.802 
28.151 5.479 12.567 28.854 26.579 
47.510 13.478 4.668 41.505 35.013 
64.670 18.346 6.354 56.498 47.660 
52.619 14.927 5.170 45.969 38.778 
27.738 7.869 2.725 24.233 20.442 
26.035 7.386 2.558 22.745 19.187 
74.341 21.089 7.304 64.946 54.787 
35.939 10.195 3.531 31.397 26.486 
8.522 25.088 21.670 10.266 11.538 
17.846 52.537 45.381 21.498 24.162 
21.008 61.847 53.422 25.308 28.443 
21.489 63.262 54.644 25.887 29.094 
10.393 30.596 26.428 12.520 14.071 
18.451 54.317 46.918 22.227 24.980 
13.913 40.960 35.381 16.761 18.837 
42.464 36.725 22.182 27.345 18.963 
22.003 19.029 11.494 14.169 9.826 
42.180 36.479 22.034 27.162 18.836 
19.030 56.022 48.391 22.924 25.764 
19.718 58.049 50.142 23.754 26.696 
7.864 23.150 19.997 9.473 10.647 
15.958 46.980 40.581 19.224 21.606 
17.194 50.617 43.722 20.713 23.279 
11.234 33.073 28.568 13.534 15.210 
9.518 28.021 24.204 11.466 12.887 
21.126 62.193 53.721 25.449 28.602 
9.263 27.269 23.554 11.158 12.541 
11.153 32.833 28.360 13.435 15.099 
7.887 23.218 20.055 9.501 10.678 
15.665 46.116 39.834 18.871 21.208 
9.090 26.761 23.115 10.950 12.307 
7.744 22.799 19.694 9.329 10.485 
13.635 40.142 34.674 16.426 18.461 
8.047 23.690 20.463 9.694 10.895 
14.450 42.539 36.744 17.407 19.563 
61.776 25.375 7.648 51.304 41.833 
40.131 16.484 4.968 33.328 27.176 
47.735 19.608 5.909 39.643 32.325 
49.751 20.436 6.159 41.317 33.690 
51.194 21.028 6.338 42.515 34.667 
27.393 11.252 3.391 22.749 18.550 
65.246 26.801 8.077 54.186 44.183 
24.000 9.858 2.971 19.932 16.252 
43.439 17.843 5.378 36.075 29.416 
57.753 16.384 5.674 50.454 42.562 
76.160 21.605 7.483 66.535 56.128 
28.499 8.085 2.800 24.898 21.003 
67.058 19.023 6.588 58.584 49.420 
71.622 20.318 7.037 62.570 52.783 
71.756 20.356 7.050 62.687 52.881 
45.712 12.968 4.491 39.935 33.688 
65.608 18.612 6.446 57.317 48.351 
28.103 58.434 57.594 44.307 47.277 
10.237 21.285 20.979 16.139 17.221 
14.156 29.433 29.010 22.317 23.813 
24.503 50.949 50.217 38.632 41.221 
16.487 34.281 33.789 25.994 27.736 
53.462 15.166 5.253 46.706 39.400 
28.894 8.197 2.839 25.242 21.294 
68.266 19.366 6.707 59.638 50.309 
25.075 7.113 2.464 21.906 18.480 
24.357 6.910 2.393 21.279 17.950 
23.142 6.565 2.274 20.218 17.055 
61.177 17.355 6.011 53.446 45.085 
48.016 13.621 4.718 41.948 35.386 
24.569 6.970 2.414 21.464 18.107 
42.545 51.061 36.287 29.908 22.302 
32.366 38.844 27.605 22.752 16.966 
24.916 29.903 21.251 17.515 13.061 
16.168 19.404 13.789 11.365 8.475 
38.716 46.466 33.021 27.216 20.295 
15.607 18.731 13.311 10.971 8.181 
43.515 14.574 3.406 37.103 30.834 
60.504 20.264 4.736 51.588 42.872 
49.201 16.479 3.851 41.951 34.863 
67.506 22.609 5.284 57.558 47.834 
67.167 22.496 5.258 57.269 47.594 
25.688 8.604 2.011 21.903 18.202 
58.436 19.572 4.574 49.825 41.407 
54.580 18.280 4.272 46.537 38.675 
29.198 25.252 15.252 18.802 13.039 
22.315 19.299 11.656 14.369 9.965 
25.114 21.720 13.119 16.172 11.215 
37.702 32.607 19.695 24.279 16.836 
35.817 30.976 18.710 23.064 15.994 
55.570 48.059 29.028 35.784 24.815 
47.219 40.837 24.666 30.407 21.086 
43.449 42.166 39.248 46.444 43.398 
20.392 19.790 18.420 21.797 20.368 
36.728 35.644 33.177 39.260 36.685 
19.959 19.370 18.030 21.335 19.936 
23.428 22.737 21.163 25.043 23.401 
21.185 20.560 19.137 22.645 21.160 

4206.8 3883.2 3236.0 
2899.0 2676.0 2230.0 
2633.8 2431.2 2026.0 
3681.6 3398.4 2832.0 
3541.2 3268.8 2724.0 

67.2
58.8
30.0
