Explanation of format

20		// #Shipment
122		// #Item
5		// #Shipping route 
3		// #Type of container
0 1.132		// Detail of Item: (Shipment ID, Volume)
0 1.771
0 1.734
0 2.947
0 2.479
0 2.247
0 2.781
0 2.677
1 1.808
1 1.388
1 1.314
2 1.414
2 1.031
2 2.162
2 1.635
2 2.558
2 2.446
2 2.597
3 2.970
3 2.271
3 1.772
3 1.137
3 1.169
3 1.292
3 1.193
4 1.287
4 2.615
4 2.339
4 1.612
4 2.702
4 1.403
5 1.879
5 2.241
5 2.517
5 1.750
6 2.630
6 1.471
6 2.329
6 2.865
6 2.915
7 2.291
7 2.798
7 1.061
8 1.923
8 1.142
8 2.149
8 2.512
9 1.610
9 1.410
9 2.431
9 1.627
9 1.089
9 2.636
9 1.138
9 1.067
9 1.300
10 2.683
10 1.763
10 2.200
10 2.361
10 1.951
10 1.513
10 2.343
10 1.381
10 2.722
11 2.565
11 1.607
11 2.445
11 1.009
11 2.974
11 2.519
11 2.172
12 2.814
12 1.494
12 1.506
12 1.422
12 1.447
12 2.063
13 2.167
13 2.145
13 2.796
13 1.701
13 2.225
13 1.850
13 2.094
13 1.338
14 1.360
14 2.843
14 1.100
14 1.011
15 1.991
15 2.628
15 1.479
15 1.079
16 1.009
16 2.108
16 2.256
16 1.197
16 1.582
16 1.980
16 2.393
16 2.643
16 1.441
17 1.781
17 2.266
17 2.930
17 2.193
17 2.918
17 1.648
17 1.396
18 1.613
18 1.081
18 1.118
18 2.610
18 1.442
19 1.772
19 1.893
19 1.742
19 1.363
19 2.296
19 2.742
19 2.341

205.756 162.650 137.502 120.756 179.118		// parcel delivery cost r(i,j)
321.870 254.439 215.098 188.902 280.199 
315.097 249.085 210.572 184.928 274.303 
535.561 423.362 357.904 314.316 466.225 
450.559 356.168 301.099 264.429 392.228 
408.325 322.782 272.875 239.642 355.461 
505.418 399.534 337.760 296.625 439.984 
486.481 384.565 325.105 285.511 423.499 
147.940 120.712 207.184 194.934 112.640 
113.591 92.684 159.079 149.673 86.487 
107.499 87.713 150.547 141.646 81.848 
158.543 111.112 164.463 150.020 123.545 
115.592 81.010 119.908 109.378 90.075 
242.456 169.921 251.510 229.423 188.935 
183.337 128.488 190.183 173.482 142.866 
286.864 201.044 297.576 271.444 223.540 
274.232 192.190 284.472 259.491 213.696 
291.215 204.092 302.089 275.561 226.930 
493.006 464.686 186.915 142.436 463.104 
376.908 355.258 142.898 108.894 354.048 
294.040 277.149 111.480 84.952 276.206 
188.698 177.858 71.541 54.517 177.253 
194.098 182.948 73.589 56.078 182.325 
214.524 202.201 81.333 61.979 201.513 
198.092 186.713 75.103 57.232 186.077 
39.498 119.501 167.261 168.827 72.733 
80.240 242.765 339.790 342.971 147.757 
71.766 217.127 303.905 306.750 132.152 
49.455 149.627 209.428 211.388 91.069 
82.926 250.893 351.166 354.453 152.704 
43.058 130.271 182.336 184.043 79.288 
173.285 177.888 162.355 150.967 157.976 
206.715 212.205 193.676 180.092 188.453 
232.164 238.330 217.519 202.263 211.653 
161.381 165.668 151.202 140.597 147.124 
242.025 197.775 283.221 262.789 192.556 
135.332 110.589 158.367 146.943 107.671 
214.251 175.079 250.719 232.632 170.459 
263.573 215.384 308.437 286.186 209.700 
268.174 219.143 313.820 291.181 213.361 
187.416 152.922 262.469 246.949 142.697 
228.911 186.779 320.579 301.624 174.290 
86.790 70.816 121.545 114.359 66.081 
183.613 57.397 311.345 295.453 109.551 
109.018 34.079 184.857 175.421 65.045 
205.176 64.138 347.909 330.150 122.416 
239.886 74.988 406.764 386.001 143.125 
185.375 244.075 78.795 89.477 207.140 
162.330 213.734 69.000 78.354 181.390 
279.823 368.431 118.941 135.065 312.679 
187.331 246.651 79.627 90.421 209.327 
125.404 165.115 53.304 60.530 140.129 
303.397 399.470 128.961 146.444 339.020 
131.014 172.500 55.688 63.238 146.397 
122.826 161.720 52.208 59.286 137.248 
149.684 197.083 63.624 72.250 167.259 
247.467 254.040 231.858 215.596 225.605 
162.599 166.917 152.343 141.658 148.234 
202.866 208.254 190.070 176.738 184.944 
217.745 223.529 204.011 189.702 198.509 
179.907 184.685 168.559 156.737 164.013 
139.554 143.261 130.751 121.581 127.225 
216.104 221.843 202.472 188.271 197.012 
127.343 130.725 119.310 110.942 116.093 
251.015 257.682 235.182 218.687 228.839 
217.796 314.086 193.539 199.183 250.206 
136.411 196.719 121.218 124.753 156.709 
207.607 299.393 184.485 189.865 238.501 
85.671 123.546 76.129 78.349 98.419 
252.472 364.093 224.352 230.896 290.041 
213.907 308.478 190.083 195.627 245.738 
184.417 265.949 163.877 168.656 211.859 
86.353 261.261 365.678 369.101 159.014 
45.842 138.696 194.128 195.945 84.416 
46.208 139.804 195.678 197.510 85.090 
43.653 132.073 184.857 186.588 80.385 
44.396 134.319 188.002 189.762 81.752 
63.300 191.514 268.055 270.564 116.563 
199.419 162.959 233.363 216.528 158.659 
197.333 161.255 230.922 214.263 157.000 
257.292 210.251 301.087 279.366 204.703 
156.494 127.882 183.131 169.920 124.508 
204.688 167.265 239.529 222.249 162.851 
170.173 139.060 199.138 184.772 135.390 
192.702 157.470 225.503 209.235 153.315 
123.095 100.589 144.047 133.656 97.935 
152.480 106.863 158.174 144.284 118.821 
318.760 223.397 330.663 301.625 248.394 
123.328 86.432 127.934 116.699 96.104 
113.305 79.407 117.536 107.214 88.293 
255.829 340.473 99.897 122.157 290.869 
337.648 449.363 131.846 161.225 383.894 
189.949 252.796 74.172 90.700 215.965 
138.561 184.405 54.105 66.162 157.539 
66.426 16.380 173.260 167.754 24.377 
138.771 34.219 361.960 350.457 50.927 
148.477 36.613 387.275 374.968 54.489 
78.756 19.420 205.420 198.892 28.902 
104.117 25.674 271.570 262.940 38.209 
130.342 32.141 339.974 329.170 47.834 
157.472 38.831 410.737 397.684 57.790 
173.939 42.891 453.688 439.271 63.833 
94.863 23.392 247.433 239.570 34.813 
158.057 226.920 128.578 133.928 182.277 
201.137 288.771 163.624 170.432 231.960 
260.057 373.361 211.555 220.357 299.909 
194.647 279.452 158.344 164.932 224.474 
258.957 371.781 210.660 219.424 298.639 
146.247 209.965 118.971 123.921 168.658 
123.934 177.931 100.820 105.015 142.926 
74.299 136.442 186.708 185.532 88.690 
49.821 91.490 125.195 124.406 59.470 
51.519 94.609 129.464 128.648 61.498 
120.249 220.824 302.178 300.273 143.540 
66.463 122.052 167.017 165.964 79.336 
179.860 166.707 157.510 143.296 157.408 
192.149 178.098 168.273 153.087 168.164 
176.868 163.934 154.891 140.913 154.791 
138.361 128.243 121.169 110.234 121.090 
233.086 216.041 204.123 185.702 203.991 
278.394 258.036 243.801 221.800 243.643 
237.600 220.224 208.076 189.298 207.941 

4169.1 3848.4 3207.0		// Price of shipping routes for each container type
4139.2 3820.8 3184.0 
2870.4 2649.6 2208.0 
2772.9 2559.6 2133.0 
4399.2 4060.8 3384.0 

67.2		// Capacity of Container
58.8
30.0
